Min. 1st Qu. Median Mean 3rd Qu. Max. NA's
345243366.439068 2249230352.46303 4550015484.73963 6430020136.1594 8597737198.75369 28062513530.9064 141
0 1844 12108 45500.4117647059 50517 501043 141
1842 14275 25126 31982.052148519 42693 159543 141
0 0 2 255.774301209846 58 10668 141
0 0 137 3661.30079265749 2319 98007 141
0 0 2 374.563621193158 76 30985 141
0 0 2 396.426783479349 183 19445 141
0 20 479 3590.94493116396 3886 56391 141
0 0 0 44.2344597413433 7 3838 141
0 0 0 301.225281602002 0 10097 141
42 3901 13487 29617.4726741761 36610 247739 141
0 25 60 151.613683771381 121 3746 141
0 72 242 1396.4384647476 754 59235 141
0 264 1282 2538.0233625365 3730 27065 141
3700.96 49214.358 130380.291 432089.972981034 336957.716 22203168.438 429
931 4627.5 9757 21157.9142618151 18182 590118 147
152 1648 3101 3917.17021276596 5596 19346 2397
713 2894 5269 17608.5177304965 13821 540814 2397
0 5 29 301.687943262411 234 7621 2397
8000 1076000 2562000 4424262.027833 5764000 33604000 23
24000 432000 888000 9420830.21868787 1944000 988644000 23
8000 688500 1559000 2848019.08548708 3503000 31035000 23
4000 89000 199000 1878141.55069583 480000 329548000 23
4115 64004.5 131829 189452.71888668 263914.5 1113134 23
174 1907 3606 12061.5491053678 7611.5 538367 23
898 14443 30411 255807.669582505 63103 13850000 23
10 1057 2327 3823.01431411531 4876.5 29180 23
0 50 600 2234.43219208537 2400 50000 289
0 0 15 1655.31391729658 73 48945 289
0 40 100 210.83992885727 200 10000 289
0 400 2000 15704.8052467763 12060 529320 289
0 0 30 919.542018674967 300 48686 289
0 0 0 312.314784506274 0 55000 705
0 0 0 870.742996887506 400 30000 289
0 0 0 3639.50155624722 974 132298 289
0 0 6000 46910.4922187639 49648 630000 289
0 50 600 2242.79768786127 2400 50000 289
0 0 15 1676.93196976434 75 48945 289
0 40 100 212.926634059582 200 10000 289
0 400 2000 15806.3050244553 12150 529320 289
0 0 30 934.201422854602 300 48686 289
0 0 0 312.85051827605 0 55000 705
0 0 0 879.9915518008 400 30000 289
0 0 0 3640.58070253446 974 132298 289
0 0 6000 46983.507336594 49648 635000 289
0 126 1500 6407.99955535794 6300 150000 289
0 0 300 114612.352156514 2190 3885009 289
0 600 1500 2998.67007558915 3000 100000 289
0 1110 6540 77903.0618052468 54000 3841566 289
0 0 18 1195.39217429969 290 65340 289
0 0 0 441.833606110202 0 70290 705
0 0 0 1935.61671854157 720 90000 289
0 0 0 13814.8008003557 3318 595341 289
0 0 17770 142070.133837261 148944 2157600 289
0 53000 630000 2938665.62916852 2970000 97609000 289
0 0 13000 5387535.79368608 84000 251876000 289
0 375000 1013000 2011090.26233882 2160000 35100000 289
0 295000 1680000 20972046.2427746 14466000 891394000 289
0 0 28000 2034619.83103602 374000 260726000 289
0 0 0 332538.461538462 0 56524000 705
0 0 0 337809.248554913 115000 21600000 289
0 0 0 21007781.680747 4152000 1293081000 289
0 0 9745 95819.929746554 89366 2157600 289
0 1247.5 6250 20040.8810344828 19537.5 272017 1958
0 0 0 4060.19482758621 3398.5 89280 1958
0 53750 226500 1043646.55172414 955000 16865000 1958
0 0 0 953284.482758621 493500 56564000 1958
0 0 0 9.61371841155235 0 530 45
0 0 0 1.28198957079824 0 900 45
0 0 0 22206.9795427196 0 1375000 45
0 0 0 2675.49137585239 0 585000 45
